AgAlCoCrCuNi	8.333333	6.273069	0.128938	14.897512	1533.620500	1.311111	AC	[1]	
AlAuCoCrCuNi	8.333333	6.219919	0.302802	14.897512	1550.687167	-7.088889	AC	[1]	
AlCoCrCu0.5Fe	7.000000	5.296508	0.117787	13.145940	1638.029556	-6.775309	AC	[2]	
AlCoCrCuFe	7.400000	5.058407	0.118423	13.381607	1609.988600	-3.552000	MA+SPS	[3]	
AlCoCrCuFeMnNi	7.714286	4.627936	0.140378	16.179192	1613.849000	-6.187755	AC	[4]	
Al0.125CoCrCuFeMnNiTiV	7.430769	5.244748	0.148826	17.684333	1797.696662	-8.878201	AC	[5]	
Al0.25CoCrCuFeMnNiTiV	7.363636	5.327653	0.148351	17.894564	1784.600091	-9.600000	AC	[5]	
Al0.67CoCrCuFeMnNiTiV	7.152249	5.580663	0.146847	18.215459	1743.361754	-11.700690	AC	[5]	
AlCoCrCuFeMo0.2Ni	7.774194	4.896489	0.139307	15.601806	1670.474677	-5.148803	AC	[6]	
AlCoCrCuFeMo0.4Ni	7.718750	4.886963	0.147659	15.910269	1708.741094	-4.839844	AC	[6]	
AlCoCrCuFeMo0.6Ni	7.666667	4.877997	0.155095	16.076077	1744.688333	-4.558310	AC	[6]	
AlCoCrCuFeMo0.8Ni	7.617647	4.869543	0.161782	16.156449	1778.521029	-4.301038	AC	[6]	
AlCoCrCuFeMoNi	7.571429	4.861559	0.167843	16.179192	1810.420429	-4.065306	AC	[6]	
Al0.25CoCrCu0.75FeNi	8.400000	3.363397	0.105733	14.316709	1747.709150	-0.880000	AC	[7]	
Al0.3CoCrCu0.5FeNi	8.208333	3.592773	0.107128	14.268170	1759.543104	-2.980903	AC+1100C/24h/FC	[8]	
Al0.3CoCrCuFeNi	8.471698	3.438442	0.106625	14.432707	1721.625830	-0.086864	AC	[9]	
Al0.3CoCrCuFeNi	8.471698	3.438442	0.106625	14.432707	1721.625830	-0.086864	AC	[10]	
Al0.5CoCrCu0.5FeNi	8.000000	4.121875	0.111517	14.534236	1726.494300	-4.856000	AC	[2]	
Al0.5CoCrCu0.5FeNi	8.000000	4.121875	0.111517	14.534236	1726.494300	-4.856000	AC	[7]	
Al0.5CoCrCu0.5FeNi2	8.333333	4.003648	0.111542	13.936988	1726.745250	-5.355556	AC	[11]	
Al0.5CoCrCuFeNi	8.272727	3.946276	0.110658	14.697982	1692.960273	-1.923967	AC	[9]	
Al0.5CoCrCuFeNi	8.272727	3.946276	0.110658	14.697982	1692.960273	-1.923967	AC	[12]	
Al0.5CoCrCuFeNi	8.272727	3.946276	0.110658	14.697982	1692.960273	-1.923967	AC	[13]	
Al0.5CoCrCuFeNi	8.272727	3.946276	0.110658	14.697982	1692.960273	-1.923967	AC	[14]	
Al0.5CoCrCuFeNi	8.272727	3.946276	0.110658	14.697982	1692.960273	-1.923967	AC	[10]	
Al0.5CoCrCuFeNi	8.272727	3.946276	0.110658	14.697982	1692.960273	-1.923967	AC	[15]	
Al0.5CoCrCuFeNi	8.272727	3.946276	0.110658	14.697982	1692.960273	-1.923967	AC	[16]	
Al0.5CoCrCuFeNi	8.272727	3.946276	0.110658	14.697982	1692.960273	-1.923967	AC	[17]	
Al0.5CoCrCuFeNi	8.272727	3.946276	0.110658	14.697982	1692.960273	-1.923967	AC	[18]	
Al0.5CoCrCuFeNi	8.272727	3.946276	0.110658	14.697982	1692.960273	-1.923967	AC+FOR(40%)	[18]	
Al0.5CoCrCuFeNi	8.272727	3.946276	0.110658	14.697982	1692.960273	-1.923967	AC+FOR(40%)+1100C/24/WQ	[18]	
Al0.5CoCrCuFeNi	8.272727	3.946276	0.110658	14.697982	1692.960273	-1.923967	AC+FOR(40%)+1100C/24/FC	[18]	
Al0.5CoCrCuFeNi	8.272727	3.946276	0.110658	14.697982	1692.960273	-1.923967	AC+1000C/6h/WQ	[19]	
Al0.5CoCrCuFeNi	8.272727	3.946276	0.110658	14.697982	1692.960273	-1.923967	AC+1000C/6h+CR(80%)+900C/5h	[19]	
Al0.5CoCrCuFeNi	8.272727	3.946276	0.110658	14.697982	1692.960273	-1.923967	AC+1000C/6h+CR(80%)+700C/10h	[19]	
Al0.5CoCrCuFeNi	8.272727	3.946276	0.110658	14.697982	1692.960273	-1.923967	AC+1000C/6h+CR(80%)+600C/10h	[19]	
Al0.5CoCrCuFeNi	8.272727	3.946276	0.110658	14.697982	1692.960273	-1.923967	AC+1000C/6h+CR(80%)+500C/10h	[19]	
Al0.5CoCrCuFeNi	8.272727	3.946276	0.110658	14.697982	1692.960273	-1.923967	AC+CR(67%)	[20]	
Al0.5CoCrCuFeNi	8.272727	3.946276	0.110658	14.697982	1692.960273	-1.923967	AC+CR(67%)+700C/480h	[20]	
Al0.5CoCrCuFeNi	8.272727	3.946276	0.110658	14.697982	1692.960273	-1.923967	AC+CR(67%)+900C/480h	[20]	
Al0.5CoCrCuFeNi	8.272727	3.946276	0.110658	14.697982	1692.960273	-1.923967	AC+CR(67%)+1100C/480h	[20]	
Al0.5CoCrCuFeNi	8.272727	3.946276	0.110658	14.697982	1692.960273	-1.923967	AC+1000C/6h/WQ+CR(84%)	[21]	
Al0.5CoCrCuFeNi	8.272727	3.946276	0.110658	14.697982	1692.960273	-1.923967	AC	[22]	
Al0.5CoCrCuFeNi	8.272727	3.946276	0.110658	14.697982	1692.960273	-1.923967	AC+600C/24h	[22]	
Al0.75CoCrCu0.25FeNi	7.600000	4.761015	0.117016	14.316709	1705.279450	-8.680000	AC	[7]	
Al0.8CoCrCuFeNi	8.000000	4.551206	0.115959	14.871545	1653.668690	-4.216409	AC	[23]	
Al0.8CoCrCuFeNi	8.000000	4.551206	0.115959	14.871545	1653.668690	-4.216409	AC	[9]	
Al0.8CoCrCuFeNi	8.000000	4.551206	0.115959	14.871545	1653.668690	-4.216409	AC	[10]	
AlCo0.5CrCu0.5FeNi	7.400000	5.230930	0.123758	14.534236	1643.026600	-8.456000	AC	[2]	
AlCo0.5CrCuFeNi	7.727273	5.000290	0.121915	14.697982	1617.080545	-5.361983	AC	[17]	
AlCoCr0.5Cu0.5FeNi	7.700000	5.327189	0.118615	14.534236	1601.826600	-8.820000	AC	[2]	
AlCoCr0.5CuFeNi	8.000000	5.091839	0.117175	14.697982	1579.626000	-5.864463	AC	[17]	
AlCoCrCu0.25FeNi	7.380952	5.202101	0.121366	14.336142	1668.519619	-10.195011	AC	[24]	
AlCoCrCu0.5Fe0.5Ni	7.500000	5.306575	0.126027	14.534236	1638.726600	-9.460000	AC	[2]	
AlCoCrCu0.5Fe0.5Ni	7.500000	5.306575	0.126027	14.534236	1638.726600	-9.460000	AC	[2]	
AlCoCrCu0.5FeNi	7.545455	5.088778	0.120541	14.697982	1654.387818	-8.370248	AC	[17]	
AlCoCrCu0.5FeNi	7.545455	5.088778	0.120541	14.697982	1654.387818	-8.370248	AC	[2]	
AlCoCrCu0.5FeNi1.5	7.750000	4.967211	0.119826	14.534968	1660.522167	-8.644444	AC	[2]	
AlCoCrCu0.5FeNi2	7.923077	4.861973	0.119218	14.233068	1665.712769	-8.738462	AC	[2]	
AlCoCrCu0.5FeNi2.5	8.071429	4.769922	0.118695	13.869965	1670.161857	-8.718367	AC	[2]	
AlCoCrCu0.5FeNi3	8.200000	4.688682	0.118239	13.483293	1674.017733	-8.625778	AC	[2]	
AlCoCrCu0.5Fe1.5Ni	7.583333	4.899891	0.115770	14.534968	1667.438833	-7.497222	AC	[2]	
AlCoCrCu0.5Fe2Ni	7.615385	4.734180	0.111575	14.233068	1678.482000	-6.783432	AC	[2]	
AlCoCrCuFe0.5Ni	7.818182	5.072233	0.124010	14.697982	1613.171455	-6.406612	AC	[17]	
AlCoCrCuFeNi0.5	7.636364	5.000290	0.119734	14.697982	1620.716909	-4.733884	AC	[17]	
AlCoCrCuFeNi	7.833333	4.884140	0.119082	14.897512	1629.657167	-5.488889	AC	[9]	
AlCoCrCuFeNi	7.833333	4.884140	0.119082	14.897512	1629.657167	-5.488889	AC	[10]	
AlCoCrCuFeNi	7.833333	4.884140	0.119082	14.897512	1629.657167	-5.488889	AC	[14]	
AlCoCrCuFeNi	7.833333	4.884140	0.119082	14.897512	1629.657167	-5.488889	AC	[25]	
AlCoCrCuFeNi	7.833333	4.884140	0.119082	14.897512	1629.657167	-5.488889	AC	[1]	
AlCoCrCuFeNi	7.833333	4.884140	0.119082	14.897512	1629.657167	-5.488889	AC	[17]	
AlCoCrCuFeNi	7.833333	4.884140	0.119082	14.897512	1629.657167	-5.488889	AC	[4]	
AlCoCrCuFeNi	7.833333	4.884140	0.119082	14.897512	1629.657167	-5.488889	AC	[4]	
AlCoCrCuFeNi	7.833333	4.884140	0.119082	14.897512	1629.657167	-5.488889	AC	[26]	
AlCoCrCuFeNi	7.833333	4.884140	0.119082	14.897512	1629.657167	-5.488889	AC+500C/5h	[26]	
AlCoCrCuFeNi	7.833333	4.884140	0.119082	14.897512	1629.657167	-5.488889	AC+600C/5h	[26]	
AlCoCrCuFeNi	7.833333	4.884140	0.119082	14.897512	1629.657167	-5.488889	AC+645C/5h	[26]	
AlCoCrCuFeNi	7.833333	4.884140	0.119082	14.897512	1629.657167	-5.488889	AC+700C/5h	[26]	
AlCoCrCuFeNi	7.833333	4.884140	0.119082	14.897512	1629.657167	-5.488889	AC+800C/5h	[26]	
AlCoCrCuFeNi	7.833333	4.884140	0.119082	14.897512	1629.657167	-5.488889	AC+900C/5h	[26]	
AlCoCrCuFeNi	7.833333	4.884140	0.119082	14.897512	1629.657167	-5.488889	AC+1000C/5h	[26]	
AlCoCrCuFeNi	7.833333	4.884140	0.119082	14.897512	1629.657167	-5.488889	AC	[6]	
AlCoCrCuFeNi	7.833333	4.884140	0.119082	14.897512	1629.657167	-5.488889	AC	[27]	
AlCoCrCuFeNi	7.833333	4.884140	0.119082	14.897512	1629.657167	-5.488889	AC+1000C/2h	[27]	
AlCoCrCuFeNi	7.833333	4.884140	0.119082	14.897512	1629.657167	-5.488889	SQ	[28]	
AlCoCrCuFeNi	7.833333	4.884140	0.119082	14.897512	1629.657167	-5.488889	AC	[28]	
AlCoCrCuFeNi	7.833333	4.884140	0.119082	14.897512	1629.657167	-5.488889	AC	[29]	
AlCoCrCuFeNi	7.833333	4.884140	0.119082	14.897512	1629.657167	-5.488889	AC	[30]	
AlCoCrCuFeNi	7.833333	4.884140	0.119082	14.897512	1629.657167	-5.488889	AC+960C/50h+FOR/950C(1000%)	[30]	
AlCoCrCuFeNi	7.833333	4.884140	0.119082	14.897512	1629.657167	-5.488889	AC	[31]	
AlCoCr1.5Cu0.5FeNi	7.416667	4.881215	0.122122	14.534968	1698.188833	-7.941667	AC	[2]	
AlCoCr2Cu0.5FeNi	7.307692	4.698428	0.123445	14.233068	1735.251231	-7.540828	AC	[2]	
AlCo1.5CrCu0.5FeNi	7.666667	4.967211	0.117792	14.534968	1663.855500	-8.194444	AC	[2]	
AlCo2CrCu0.5FeNi	7.769231	4.861973	0.115415	14.233068	1671.866615	-7.971598	AC	[2]	
AlCo3CrCu0.5FeNi	7.933333	4.688682	0.111507	13.483293	1684.684400	-7.473778	AC	[2]	
AlCo3.5CrCu0.5FeNi	8.000000	4.616425	0.109880	13.092609	1689.891625	-7.221875	AC	[2]	
Al1.3CoCrCuFeNi	7.603175	5.309695	0.123265	14.853042	1596.498397	-7.085916	AC	[9]	
Al1.4Co0.9Cr1.4Cu0.5Fe0.9Ni	7.114754	5.542454	0.128669	14.481692	1637.141344	-10.043429	AC	[11]	
Al1.5CoCrCu0.5FeNi	7.166667	5.772103	0.127574	14.534968	1594.299083	-10.694444	AC	[2]	
Al1.5CoCrCuFeNi	7.461538	5.555397	0.125770	14.785049	1576.093000	-7.976331	AC	[9]	
Al1.8CoCrCuFeNi	7.264706	5.879825	0.129171	14.644524	1547.735500	-9.096886	AC	[9]	
Al2CoCrCu0.5FeNi	6.846154	6.292607	0.133235	14.233068	1543.454769	-12.231953	AC	[2]	
Al2CoCrCuFeNi	7.142857	6.071981	0.131232	14.532579	1530.180857	-9.722449	AC	[9]	
Al2CoCrCuFeNi	7.142857	6.071981	0.131232	14.532579	1530.180857	-9.722449	AC	[14]	
Al2.3CoCrCuFeNi	6.972603	6.330712	0.134059	14.346192	1505.652452	-10.509289	AC	[9]	
Al2.5CoCrCuFeNi	6.866667	6.486494	0.135788	14.213343	1490.390333	-10.947556	AC	[9]	
Al2.8CoCrCuFeNi	6.717949	6.699079	0.138179	14.005847	1468.964667	-11.496384	AC	[9]	
Al3CoCrCuFeNi	6.625000	6.828584	0.139652	13.864045	1455.573625	-11.800000	AC	[9]	
AlCoCrCu0.5FeNiSi	7.000000	6.223038	0.117765	16.006343	1659.405077	-14.428402	AC	[32]	
AlCoCrCuFeNiSi	7.285714	5.997486	0.115846	16.179192	1637.849000	-11.681633	AC	[25]	
Al0.25CoCrCu0.75FeNiTi0.5	8.000000	5.381131	0.131959	15.548075	1765.462864	-7.414876	AC	[33]	
Al0.5CoCrCu0.5FeNiTi0.5	7.636364	5.655722	0.132599	15.745826	1746.176636	-11.041322	AC	[33]	
Al0.5CoCrCuFeNiTi0.2	8.122807	5.031151	0.126765	15.446105	1701.733596	-4.518313	AC	[15]	
Al0.5CoCrCuFeNiTi0.4	7.983051	5.341963	0.131098	15.762678	1709.912119	-6.762425	AC	[15]	
Al0.5CoCrCuFeNiTi0.6	7.852459	5.616872	0.135022	15.925094	1717.554344	-8.707337	AC	[15]	
Al0.5CoCrCuFeNiTi0.8	7.730159	5.862649	0.138595	15.996164	1724.711349	-10.395566	AC	[15]	
Al0.5CoCrCuFeNiTi	7.615385	6.084277	0.141867	16.006343	1731.427923	-11.862722	AC	[15]	
Al0.5CoCrCuFeNiTi1.2	7.507463	6.285549	0.144876	15.973577	1737.743507	-13.138784	AC	[15]	
Al0.5CoCrCuFeNiTi1.4	7.405797	6.469428	0.147654	15.909550	1743.692971	-14.249107	AC	[15]	
Al0.5CoCrCuFeNiTi1.6	7.309859	6.638278	0.150229	15.822348	1749.307254	-15.215235	AC	[15]	
Al0.5CoCrCuFeNiTi1.8	7.219178	6.794019	0.152623	15.717792	1754.613904	-16.055545	AC	[15]	
Al0.5CoCrCuFeNiTi2.0	7.133333	6.938234	0.154855	15.600201	1759.637533	-16.785778	AC	[15]	
Al0.75CoCrCu0.25FeNiTi0.5	7.272727	5.917585	0.133237	15.548075	1726.890409	-14.542149	AC	[33]	
AlCoCrCu0.25FeNiTi0.5	7.086957	6.064948	0.134079	15.545938	1692.387478	-15.686957	AC	[34]	
AlCoCrCu0.5FeNiTi0.5	7.250000	5.968598	0.134269	15.858036	1678.438833	-13.758333	AC	[34]	
AlCoCrCuFeNiTi	7.285714	6.306858	0.142571	16.179192	1674.420429	-14.277551	AC	[4]	
Al0.125CoCrCuFeNiTiMnV	7.430769	5.244748	0.148826	17.684333	1797.696662	-8.878201	AC	[5]	
Al0.25CoCrCuFeNiTiMnV	7.363636	5.327653	0.148351	17.894564	1784.600091	-9.600000	AC	[5]	
Al0.67CoCrCuFeNiTiMnV	7.152249	5.580663	0.146847	18.215459	1743.361754	-11.700690	AC	[5]	
AlCoCrCuFeNiTiV	7.000000	5.900434	0.140268	17.289433	1737.992875	-14.312500	AC	[12]	
AlCoCrCuFeNiTiV	7.000000	5.900434	0.140268	17.289433	1737.992875	-14.312500	SQ	[12]	
Al0.5CoCrCuFeNiV0.2	8.157895	3.944524	0.117892	15.446105	1710.154649	-2.880886	AC	[16]	
Al0.5CoCrCuFeNiV0.4	8.050847	3.886895	0.118883	15.762678	1726.183305	-3.705832	AC	[16]	
Al0.5CoCrCuFeNiV0.6	7.950820	3.832261	0.119801	15.925094	1741.160902	-4.418167	AC	[16]	
Al0.5CoCrCuFeNiV0.8	7.857143	3.780381	0.120655	15.996164	1755.187540	-5.034014	AC	[16]	
Al0.5CoCrCuFeNiV	7.769231	3.731037	0.121451	16.006343	1768.351000	-5.566864	AC	[16]	
Al0.5CoCrCuFeNiV1.2	7.686567	3.684036	0.122194	15.973577	1780.728582	-6.028069	AC	[16]	
Al0.5CoCrCuFeNiV1.4	7.608696	3.639205	0.122890	15.909550	1792.388623	-6.427221	AC	[16]	
Al0.5CoCrCuFeNiV1.6	7.535211	3.596386	0.123544	15.822348	1803.391761	-6.772466	AC	[16]	
Al0.5CoCrCuFeNiV1.8	7.465753	3.555440	0.124158	15.717792	1813.791986	-7.070745	AC	[16]	
Al0.5CoCrCuFeNiV2	7.400000	3.516239	0.124737	15.600201	1823.637533	-7.328000	AC	[16]	
AlCoCrCuFeNiV	7.428571	4.551836	0.124998	16.179192	1708.706143	-8.310204	AC	[4]	
AlCoCrCu0.5Ni	7.444444	5.518388	0.131697	13.145940	1619.585111	-10.854321	AC	[12]	
AlCoCrCu0.5Ni	7.444444	5.518388	0.131697	13.145940	1619.585111	-10.854321	AC	[2]	
AlCoCrCu0.5Ni	7.444444	5.518388	0.131697	13.145940	1619.585111	-10.854321	SP	[12]	
AlCoCrCuNi	7.800000	5.257828	0.129522	13.381607	1593.388600	-7.600000	AC	[25]	
AlCoCrCuNi	7.800000	5.257828	0.129522	13.381607	1593.388600	-7.600000	AC	[1]	
AlCoCrCuNiTi	7.166667	6.585120	0.150997	14.897512	1651.657167	-17.355556	AC	[35]	
AlCoCrCuNiTiY0.5	6.846154	11.153018	0.205458	16.006343	1662.683538	-18.840237	AC	[35]	
AlCoCrCuNiTiY0.8	6.676471	12.523246	0.222386	16.156449	1668.521029	-19.435986	AC	[35]	
AlCoCrCuNiTiY	6.571429	13.300930	0.232247	16.179192	1672.134714	-19.738776	AC	[35]	
Al0.02CoCrFeMnNi	7.980080	2.469052	0.140742	13.544385	1797.742323	-4.416438	AC	[36]	
Al0.03CoCrFeMnNi	7.970179	2.514704	0.140722	13.605232	1796.023795	-4.527270	AC	[36]	
Al0.04CoCrFeMnNi	7.960317	2.559367	0.140701	13.660264	1794.312087	-4.637188	AC	[36]	
Al0.08CoCrFeMnNi	7.921260	2.729087	0.140620	13.844295	1787.532646	-5.067890	AC	[36]	
Al0.09CoCrFeMnNi	7.911591	2.769495	0.140600	13.883938	1785.854434	-5.173363	AC	[36]	
Al0.10CoCrFeMnNi	7.901961	2.809166	0.140580	13.921642	1784.182804	-5.277970	AC	[36]	
Al0.11CoCrFeMnNi	7.892368	2.848133	0.140560	13.957601	1782.517716	-5.381720	AC	[36]	
Al0.12CoCrFeMnNi	7.882812	2.886425	0.140540	13.991973	1780.859133	-5.484619	AC	[36]	
Al0.14CoCrFeMnNi	7.863813	2.961091	0.140501	14.056466	1777.561327	-5.687898	AC	[36]	
Al0.15CoCrFeMnNi	7.854369	2.997514	0.140481	14.086795	1775.922029	-5.788293	AC	[36]	
Al0.16CoCrFeMnNi	7.844961	3.033361	0.140462	14.115964	1774.289085	-5.887867	AC	[36]	
Al0.18CoCrFeMnNi	7.826255	3.103411	0.140423	14.171104	1771.042112	-6.084584	AC	[36]	
Al0.19CoCrFeMnNi	7.816956	3.137652	0.140403	14.197199	1769.428010	-6.181741	AC	[36]	
Al0.25CoCrFeMnNi	7.761905	3.333159	0.140289	14.336142	1759.872524	-6.748299	AC	[36]	
Al0.4CoCrFeMnNiV	7.218750	3.601705	0.136092	15.910269	1806.613938	-10.449219	AC+700C/20h	[37]	
AlCo0.5Cr0.5Fe0.5MnNiV0.5	6.800000	5.324121	0.142933	15.686865	1630.264600	-16.020000	AC+700C/20h	[37]	
AlCo0.5Cr0.5Fe0.5MnNiV	6.636364	5.102167	0.139215	15.745826	1680.513273	-16.317355	AC+700C/20h	[37]	
AlCo1.5Cr2Fe1.5Mn2NiV	6.950000	4.084584	0.133638	15.828126	1761.082300	-10.198000	AC+700C/20h	[37]	
Al0.3CoCrFeMo0.1Ni	7.840909	4.272836	0.122021	13.436376	1831.022023	-7.285744	AC	[38]	
Al0.3CoCrFeMo0.1Ni	7.840909	4.272836	0.122021	13.436376	1831.022023	-7.285744	AC	[39]	
Al0.3CoCrFeMo0.1Ni	7.840909	4.272836	0.122021	13.436376	1831.022023	-7.285744	AC+700C/144h/WQ	[39]	
AlCo0.5CrFeMo0.5Ni	6.900000	5.316698	0.169045	14.534236	1796.764600	-11.740000	AC	[40]	
AlCoCr0.5FeMo0.5Ni	7.200000	5.455171	0.159445	14.534236	1755.564600	-12.072000	AC	[41]	
AlCoCrFe0.6Mo0.5Ni	7.019608	5.381813	0.167777	14.610944	1792.828039	-12.353710	AC	[42]	
AlCoCrFeMo0.1Ni	7.176471	5.309982	0.142169	13.921642	1707.808431	-12.163014	AC	[43]	
AlCoCrFeMo0.2Ni	7.153846	5.291520	0.147553	14.222383	1730.639038	-11.979290	AC	[43]	
AlCoCrFeMo0.3Ni	7.132075	5.273693	0.152556	14.432707	1752.608113	-11.800641	AC	[43]	
AlCoCrFeMo0.4Ni	7.111111	5.256469	0.157222	14.585827	1773.763519	-11.626886	AC	[43]	
AlCoCrFeMo0.5Ni	7.090909	5.239818	0.161592	14.697982	1794.149636	-11.457851	AC	[43]	
AlCoCrFeMo0.5Ni	7.090909	5.239818	0.161592	14.697982	1794.149636	-11.457851	AC	[42]	
AlCoCrFeMo0.5Ni	7.090909	5.239818	0.161592	14.697982	1794.149636	-11.457851	AC	[40]	
AlCoCrFe1.5Mo0.5Ni	7.166667	5.084604	0.154749	14.534968	1795.553833	-10.505556	AC	[42]	
AlCoCrFe2Mo0.5Ni	7.230769	4.949469	0.148713	14.233068	1796.742000	-9.699408	AC	[42]	
AlCoCr1.5FeMo0.5Ni	7.000000	5.053351	0.163359	14.534968	1826.303833	-10.872222	AC	[41]	
AlCoCr2FeMo0.5Ni	6.923077	4.890021	0.164839	14.233068	1853.511231	-10.324260	AC	[41]	
AlCo1.5CrFeMo0.5Ni	7.250000	5.174878	0.155107	14.534968	1791.970500	-11.102778	AC	[40]	
AlCo2CrFeMo0.5Ni	7.384615	5.119286	0.149401	14.233068	1790.126615	-10.717160	AC	[40]	
AlCoCrFeNb0.1Ni	7.156863	5.551281	0.124681	13.921642	1704.965294	-13.341023	AC	[44]	
AlCoCrFeNb0.1Ni	7.156863	5.551281	0.124681	13.921642	1704.965294	-13.341023	AC	[45]	
AlCoCrFeNb0.25Ni	7.095238	5.651814	0.125418	14.336142	1734.823429	-14.668481	AC	[44]	
AlCoCrFeNb0.25Ni	7.095238	5.651814	0.125418	14.336142	1734.823429	-14.668481	AC	[45]	
AlCoCrFeNb0.5Ni	7.000000	5.803760	0.126550	14.697982	1780.967818	-16.522314	AC	[44]	
AlCoCrFeNb0.5Ni	7.000000	5.803760	0.126550	14.697982	1780.967818	-16.522314	AC	[45]	
AlCoCrFeNb0.75Ni	6.913043	5.939099	0.127574	14.855642	1823.099652	-18.005293	AC	[44]	
AlCoCrFeNb0.75Ni	6.913043	5.939099	0.127574	14.855642	1823.099652	-18.005293	AC	[45]	
Al0.1CoCrFeNi	8.121951	3.212340	0.107384	12.198540	1848.861537	-5.070791	AC	[46]	
Al0.25CoCrFeNi	7.941176	3.717030	0.110093	12.708367	1816.548412	-6.782007	AC	[47]	
Al0.25CoCrFeNi	7.941176	3.717030	0.110093	12.708367	1816.548412	-6.782007	AC+1100C/24h/WQ	[47]	
Al0.25CoCrFeNi	7.941176	3.717030	0.110093	12.708367	1816.548412	-6.782007	AC+1100C/24h/WQ+CR(50%)	[47]	
Al0.25CoCrFeNi	7.941176	3.717030	0.110093	12.708367	1816.548412	-6.782007	AC+1100C/24h/WQ	[48]	
Al0.3CoCrFeNi	7.883721	3.863654	0.110940	12.825995	1806.278349	-7.296917	AC	[49]	
Al0.3CoCrFeNi	7.883721	3.863654	0.110940	12.825995	1806.278349	-7.296917	AC+700C/72h/WQ	[49]	
Al0.3CoCrFeNi	7.883721	3.863654	0.110940	12.825995	1806.278349	-7.296917	AC+900C/72h/WQ	[49]	
Al0.3CoCrFeNi	7.883721	3.863654	0.110940	12.825995	1806.278349	-7.296917	AC	[38]	
Al0.3CoCrFeNi	7.883721	3.863654	0.110940	12.825995	1806.278349	-7.296917	AC	[39]	
Al0.3CoCrFeNi	7.883721	3.863654	0.110940	12.825995	1806.278349	-7.296917	AC+700C/144h/WQ	[39]	
Al0.3CoCrFeNi	7.883721	3.863654	0.110940	12.825995	1806.278349	-7.296917	AC	[46]	
Al0.3CoCrFeNi	7.883721	3.863654	0.110940	12.825995	1806.278349	-7.296917	AC+700C/20h	[37]	
Al0.3CoCr2FeNi	7.528302	3.523237	0.112306	12.257935	1876.791868	-7.034532	AC+700C/20h	[37]	
Al0.375CoCrFeNi	7.800000	4.067855	0.112163	12.970371	1791.313400	-8.022204	AC	[47]	
Al0.375CoCrFeNi	7.800000	4.067855	0.112163	12.970371	1791.313400	-8.022204	AC+1100C/24h/WQ	[47]	
Al0.375CoCrFeNi	7.800000	4.067855	0.112163	12.970371	1791.313400	-8.022204	AC+1100C/24h/WQ+CR(50%)	[47]	
Al0.375CoCrFeNi	7.800000	4.067855	0.112163	12.970371	1791.313400	-8.022204	AC+1100C/24h/WQ	[48]	
Al0.4CoCrFeNi	7.772727	4.132197	0.112559	13.011329	1786.438455	-8.252066	AC	[46]	
Al0.44CoCrFeNi	7.729730	4.231650	0.113179	13.070437	1778.752730	-8.608068	AC	[50]	
Al0.5CoCrFeNi	7.666667	4.373426	0.114084	13.145940	1767.480333	-9.116049	AC	[24]	
Al0.5CoCrFeNi	7.666667	4.373426	0.114084	13.145940	1767.480333	-9.116049	AC	[47]	
Al0.5CoCrFeNi	7.666667	4.373426	0.114084	13.145940	1767.480333	-9.116049	AC+1100C/24h/WQ	[47]	
Al0.5CoCrFeNi	7.666667	4.373426	0.114084	13.145940	1767.480333	-9.116049	AC+1100C/24h/WQ+CR(50%)	[47]	
Al0.5CoCrFeNi	7.666667	4.373426	0.114084	13.145940	1767.480333	-9.116049	AC+1100C/24h/WQ	[48]	
Al0.5CoCrFeNi	7.666667	4.373426	0.114084	13.145940	1767.480333	-9.116049	AC	[51]	
Al0.5CoCrFeNi	7.666667	4.373426	0.114084	13.145940	1767.480333	-9.116049	AC+350C/24h/WQ	[51]	
Al0.5CoCrFeNi	7.666667	4.373426	0.114084	13.145940	1767.480333	-9.116049	AC+500C/24h/WQ	[51]	
Al0.5CoCrFeNi	7.666667	4.373426	0.114084	13.145940	1767.480333	-9.116049	AC+650C/24h/WQ	[51]	
Al0.5CoCrFeNi	7.666667	4.373426	0.114084	13.145940	1767.480333	-9.116049	AC+800C/24h/WQ	[51]	
Al0.5CoCrFeNi	7.666667	4.373426	0.114084	13.145940	1767.480333	-9.116049	AC+950C/24h/WQ	[51]	
Al0.5CoCrFeNi	7.666667	4.373426	0.114084	13.145940	1767.480333	-9.116049	AC	[46]	
Al0.7CoCrFeNi	7.468085	4.792548	0.116886	13.308825	1731.984277	-10.605704	AC	[46]	
Al0.75CoCrFeNi	7.421053	4.886552	0.117540	13.332803	1723.577316	-10.934072	AC+1100C/24h/WQ	[48]	
Al0.75CoCrFeNi	7.421053	4.886552	0.117540	13.332803	1723.577316	-10.934072	AC	[47]	
Al0.75CoCrFeNi	7.421053	4.886552	0.117540	13.332803	1723.577316	-10.934072	AC+1100C/24h/WQ	[47]	
Al0.75CoCrFeNi	7.421053	4.886552	0.117540	13.332803	1723.577316	-10.934072	AC+1100C/24h/WQ+CR(50%)	[47]	
Al0.8CoCrFeNi	7.375000	4.976877	0.118176	13.351414	1715.345500	-11.246528	AC	[46]	
Al0.875CoCrFeNi	7.307692	5.106017	0.119101	13.370377	1703.314385	-11.687048	AC	[47]	
Al0.875CoCrFeNi	7.307692	5.106017	0.119101	13.370377	1703.314385	-11.687048	AC+1100C/24h/WQ	[47]	
Al0.875CoCrFeNi	7.307692	5.106017	0.119101	13.370377	1703.314385	-11.687048	AC+1100C/24h/WQ+CR(50%)	[47]	
Al0.875CoCrFeNi	7.307692	5.106017	0.119101	13.370377	1703.314385	-11.687048	AC+1100C/24h/WQ	[48]	
Al0.9CoCrFeNi	7.285714	5.147483	0.119401	13.374533	1699.385857	-11.826739	AC	[46]	
AlCoCrFeNi	7.200000	5.306107	0.120565	13.381607	1684.064600	-12.352000	AC	[52]	
AlCoCrFeNi	7.200000	5.306107	0.120565	13.381607	1684.064600	-12.352000	AC	[53]	
AlCoCrFeNi	7.200000	5.306107	0.120565	13.381607	1684.064600	-12.352000	AC	[54]	
AlCoCrFeNi	7.200000	5.306107	0.120565	13.381607	1684.064600	-12.352000	AC	[7]	
AlCoCrFeNi	7.200000	5.306107	0.120565	13.381607	1684.064600	-12.352000	AC	[47]	
AlCoCrFeNi	7.200000	5.306107	0.120565	13.381607	1684.064600	-12.352000	AC+1100C/24h/WQ	[47]	
AlCoCrFeNi	7.200000	5.306107	0.120565	13.381607	1684.064600	-12.352000	AC	[55]	
AlCoCrFeNi	7.200000	5.306107	0.120565	13.381607	1684.064600	-12.352000	AC+1100C/24h/WQ	[48]	
AlCoCrFeNi	7.200000	5.306107	0.120565	13.381607	1684.064600	-12.352000	AC	[43]	
AlCoCrFeNi	7.200000	5.306107	0.120565	13.381607	1684.064600	-12.352000	AC	[56]	
AlCoCrFeNi	7.200000	5.306107	0.120565	13.381607	1684.064600	-12.352000	AC	[57]	
AlCoCrFeNi	7.200000	5.306107	0.120565	13.381607	1684.064600	-12.352000	AC	[58]	
AlCoCrFeNi	7.200000	5.306107	0.120565	13.381607	1684.064600	-12.352000	AC	[44]	
AlCoCrFeNi	7.200000	5.306107	0.120565	13.381607	1684.064600	-12.352000	AC	[59]	
AlCoCrFeNi	7.200000	5.306107	0.120565	13.381607	1684.064600	-12.352000	AC+Bridgman	[59]	
AlCoCrFeNi	7.200000	5.306107	0.120565	13.381607	1684.064600	-12.352000	AC	[45]	
AlCoCrFeNi	7.200000	5.306107	0.120565	13.381607	1684.064600	-12.352000	AC	[44]	
AlCoCrFeNi	7.200000	5.306107	0.120565	13.381607	1684.064600	-12.352000	AC	[46]	
AlCoCrFeNi2.1	7.704918	5.038624	0.122706	12.911256	1691.987377	-11.940876	AC	[60]	
AlCoCr2FeNi	7.000000	4.871245	0.120142	12.976464	1766.720500	-11.088889	AC	[54]	
Al1.2CoCrFeNi	7.038462	5.592837	0.122729	13.357882	1655.189923	-13.257396	AC	[46]	
Al1.25CoCrFeNi	7.000000	5.658965	0.123239	13.345528	1648.315000	-13.456689	AC+1100C/24h/WQ	[48]	
Al1.25CoCrFeNi	7.000000	5.658965	0.123239	13.345528	1648.315000	-13.456689	AC	[47]	
Al1.25CoCrFeNi	7.000000	5.658965	0.123239	13.345528	1648.315000	-13.456689	AC+1100C/24h/WQ	[47]	
Al1.5CoCrFeNi	6.818182	5.961648	0.125620	13.254635	1615.815364	-14.314050	AC	[54]	
Al1.5CoCrFeNi	6.818182	5.961648	0.125620	13.254635	1615.815364	-14.314050	AC+1100C/24h/WQ	[48]	
Al1.5CoCrFeNi	6.818182	5.961648	0.125620	13.254635	1615.815364	-14.314050	AC	[47]	
Al1.5CoCrFeNi	6.818182	5.961648	0.125620	13.254635	1615.815364	-14.314050	AC+1100C/24h/WQ	[47]	
Al1.5CoCrFeNi	6.818182	5.961648	0.125620	13.254635	1615.815364	-14.314050	AC	[56]	
Al1.5CoCrFeNi	6.818182	5.961648	0.125620	13.254635	1615.815364	-14.314050	AC	[46]	
Al1.8CoCrFeNi	6.620690	6.273902	0.128156	13.098944	1580.514034	-15.086801	AC	[46]	
Al2CoCrFeNi	6.500000	6.457294	0.129682	12.976464	1558.941000	-15.477778	AC	[54]	
Al2CoCrFeNi	6.500000	6.457294	0.129682	12.976464	1558.941000	-15.477778	AC	[47]	
Al2CoCrFeNi	6.500000	6.457294	0.129682	12.976464	1558.941000	-15.477778	AC+1100C/24h/WQ	[47]	
Al2CoCrFeNi	6.500000	6.457294	0.129682	12.976464	1558.941000	-15.477778	AC+1100C/24h/WQ	[48]	
Al2CoCrFeNi	6.500000	6.457294	0.129682	12.976464	1558.941000	-15.477778	AC	[56]	
Al2CoCrFeNi	6.500000	6.457294	0.129682	12.976464	1558.941000	-15.477778	AC	[29]	
Al2CoCrFeNi	6.500000	6.457294	0.129682	12.976464	1558.941000	-15.477778	AC	[46]	
Al2.08CoCrFeNi	6.453947	6.525915	0.130259	12.924477	1550.709184	-15.610717	AC	[61]	
Al2.5CoCrFeNi	6.230769	6.848727	0.133022	12.632846	1510.816538	-16.127811	AC	[54]	
Al2.5CoCrFeNi	6.230769	6.848727	0.133022	12.632846	1510.816538	-16.127811	AC	[56]	
Al3CoCrFeNi	6.000000	7.167246	0.135819	12.264463	1469.567000	-16.440816	AC	[54]	
Al3CoCrFeNi	6.000000	7.167246	0.135819	12.264463	1469.567000	-16.440816	AC	[56]	
AlCoCrFeNiSi0.2	7.076923	5.906118	0.121540	14.222383	1684.177500	-13.920118	AC	[57]	
AlCoCrFeNiSi0.4	6.962963	6.070964	0.120862	14.585827	1684.282037	-15.226337	AC	[57]	
AlCoCrFeNiSi0.6	6.857143	6.220124	0.120230	14.778935	1684.379107	-16.313776	AC	[57]	
AlCoCrFeNiSi0.8	6.758621	6.355851	0.119637	14.871545	1684.469483	-17.217598	AC	[57]	
AlCoCrFeNiSi	6.666667	6.479966	0.119082	14.897512	1684.553833	-17.966667	AC	[57]	
Al0.2Co1.5CrFeNi1.5Ti0.5	7.912281	5.758598	0.140056	13.671777	1823.362211	-12.407510	AC+1100C/4h/AC+800C/10h/AC	[62]	
Al0.2Co1.5CrFeNi1.5Ti	7.596774	6.264845	0.145623	13.970569	1833.010419	-16.959417	AC+1100C/4h/AC+800C/10h/AC	[62]	
Al0.3CoCrFeNiTi0.1	7.795455	5.243623	0.128764	13.436376	1809.385659	-8.951446	AC	[39]	
Al0.3CoCrFeNiTi0.1	7.795455	5.243623	0.128764	13.436376	1809.385659	-8.951446	AC+700C/144h/WQ	[39]	
Al0.5CoCrFeNiTi	7.000000	6.495628	0.142477	14.697982	1799.393000	-19.570248	AC	[63]	
Al0.5CoCrFeNiTi	7.000000	6.495628	0.142477	14.697982	1799.393000	-19.570248	AC	[64]	
Al0.5CoCrFeNiTi	7.000000	6.495628	0.142477	14.697982	1799.393000	-19.570248	AC+1000C/2h	[64]	
Al0.6CoCrFeNiTi0.4	7.280000	5.891239	0.133936	14.500753	1764.838760	-15.084800	MA+SPS	[65]	
AlCoCrFeNiTi0.5	6.909091	6.194023	0.134985	14.697982	1707.604182	-17.917355	AC	[52]	
AlCoCrFeNiTi0.5	6.909091	6.194023	0.134985	14.697982	1707.604182	-17.917355	AC	[34]	
AlCoCrFeNiTi0.5	6.909091	6.194023	0.134985	14.697982	1707.604182	-17.917355	AC	[66]	
AlCoCrFeNiTi	6.666667	6.649958	0.141353	14.897512	1727.220500	-21.533333	AC	[52]	
AlCoCrFeNiTi	6.666667	6.649958	0.141353	14.897512	1727.220500	-21.533333	AC	[63]	
AlCoCrFeNiTi	6.666667	6.649958	0.141353	14.897512	1727.220500	-21.533333	AC	[64]	
AlCoCrFeNiTi	6.666667	6.649958	0.141353	14.897512	1727.220500	-21.533333	AC+1000C/2h	[64]	
AlCoCrFeNiTi1.5	6.461538	7.012634	0.146525	14.785049	1743.818923	-23.867456	AC	[52]	
AlCo1.5CrFeNiTi0.5	7.083333	6.145889	0.135554	14.534968	1712.637167	-17.180556	AC	[66]	
AlCo2CrFeNiTi0.5	7.230769	6.104864	0.136034	14.233068	1716.895846	-16.449704	AC	[66]	
AlCo3CrFeNiTi0.5	7.466667	6.038644	0.136799	13.483293	1723.709733	-15.075556	AC	[66]	
Al1.5CoCrFeNiTi	6.384615	6.777801	0.140394	14.785049	1666.151462	-22.684024	AC	[63]	
Al1.5CoCrFeNiTi	6.384615	6.777801	0.140394	14.785049	1666.151462	-22.684024	AC	[64]	
Al1.5CoCrFeNiTi	6.384615	6.777801	0.140394	14.785049	1666.151462	-22.684024	AC+1000C/2h	[64]	
Al2CoCrFeNiTi	6.142857	6.885491	0.139567	14.532579	1613.806571	-23.297959	AC	[63]	
Al2CoCrFeNiTi	6.142857	6.885491	0.139567	14.532579	1613.806571	-23.297959	AC	[64]	
Al2CoCrFeNiTi	6.142857	6.885491	0.139567	14.532579	1613.806571	-23.297959	AC+1000C/2h	[64]	
Al0.43CoCr0.29NiSi0.14	7.898601	5.488028	0.122042	11.635872	1666.331780	-14.424290	AC	[50]	
Al0.8CoCrNiSi0.2	7.050000	6.111603	0.130311	12.566433	1690.014600	-16.367000	AC	[50]	
AlCoCuFeNdNi	7.333333	10.551306	0.275162	14.897512	1481.157167	-16.300000	AC	[31]	
AlCo0.2CuFeNi	8.047619	5.588932	0.119311	12.569172	1472.272143	-6.517007	AC	[67]	
AlCo0.5CuFeNi	8.111111	5.476644	0.116105	13.145940	1491.987333	-6.459259	AC	[67]	
AlCoCu0.5FeNi	7.888889	5.583823	0.114874	13.145940	1537.585111	-9.274074	AC	[2]	
AlCoCuFeNi	8.200000	5.315456	0.111463	13.381607	1519.588600	-6.288000	AC	[67]	
AlCoCuFeNi	8.200000	5.315456	0.111463	13.381607	1519.588600	-6.288000	AC	[31]	
AlCo1.5CuFeNi	8.272727	5.179846	0.107516	13.254635	1542.171455	-6.069421	AC	[67]	
AlCo2CuFeNi	8.333333	5.064065	0.104112	12.976464	1560.990500	-5.833333	AC	[67]	
AlCo3CuFeNi	8.428571	4.876571	0.098526	12.264463	1590.563286	-5.363265	AC	[67]	
AlCoCuFeNiSi	7.500000	6.479545	0.105422	14.897512	1547.490500	-12.511111	AC	[31]	
AlCoCuFeNiTi	7.500000	6.664443	0.147356	14.897512	1590.157167	-17.477778	AC	[31]	
AlCoCuFeNiTi	7.500000	6.664443	0.147356	14.897512	1590.157167	-17.477778	AC	[68]	
AlCoCuFeNiZr	7.500000	9.691136	0.211003	14.897512	1620.823833	-24.322222	AC	[31]	
AlCoCuNi	8.250000	5.806959	0.124599	11.526289	1446.735750	-9.725000	AC	[25]	
AlCoCuNiTiZn	8.166667	6.533305	0.152033	14.897512	1403.745000	-19.100000	MA+VHP	[69]	
AlCoFeMo0.5Ni	7.333333	5.699176	0.159804	13.145940	1708.405111	-12.691358	AC	[41]	
Al0.25CoFeNi	8.538462	4.340084	0.089478	10.686517	1704.717154	-5.850888	AC	[70]	
Al0.5CoFeNi	8.142857	4.979347	0.101097	11.239354	1649.617571	-9.306122	AC	[70]	
Al0.75CoFeNi	7.800000	5.473311	0.110180	11.468070	1601.864600	-11.818667	AC	[70]	
AlCoFeNi	7.500000	5.871538	0.117553	11.526289	1560.080750	-13.650000	AC	[70]	
Al0.6CoFeNiTi0.4	7.600000	6.523401	0.138517	12.925221	1661.048450	-18.160000	SPS	[71]	
AlCoFeNiTi	6.800000	7.053524	0.150013	13.381607	1636.664600	-26.192000	AC	[68]	
Al0.3CrCuFeMnNi	8.094340	3.357528	0.143730	14.432707	1674.644698	-0.555358	AC	[10]	
Al0.5CrCuFeMnNi	7.909091	3.864302	0.143365	14.697982	1647.687545	-2.366942	AC	[10]	
Al0.8CrCuFeMnNi	7.655172	4.466467	0.142863	14.871545	1610.737655	-4.625446	AC	[10]	
Al0.8CrCuFeMn1.5Ni	7.603175	4.352675	0.147501	14.736100	1603.456889	-4.796170	AC	[10]	
Al0.8CrCuFe1.5MnNi	7.682540	4.319934	0.139234	14.736100	1626.631492	-3.863946	AC	[10]	
Al0.8CrCu1.5FeMnNi	7.920635	4.301490	0.144007	14.736100	1590.648952	-2.573948	AC	[10]	
AlCrCuFeMnNi	7.500000	4.797391	0.142556	14.897512	1588.157167	-5.877778	AC	[10]	
Al0.2CrCuFeNi	8.476190	3.387055	0.112771	12.569172	1729.353476	2.045351	AC	[72]	
Al0.2CrCuFeNi2	8.769231	3.511899	0.115855	12.005789	1729.093192	-0.020710	AC	[73]	
Al0.4CrCuFeNi	8.227273	3.934740	0.116121	13.011329	1693.170273	-0.239669	AC	[72]	
Al0.4CrCuFeNi2	8.555556	3.945754	0.118410	12.451329	1699.620222	-2.027435	AC	[73]	
Al0.5CrCuFeNi	8.111111	4.165757	0.117651	13.145940	1676.284778	-1.234568	AC	[72]	
Al0.6CrCuFeNi2	8.357143	4.309688	0.120735	12.720669	1672.252464	-3.752551	AC	[73]	
Al0.7CrCuFeNi	7.893617	4.566984	0.120464	13.308825	1644.669383	-2.975102	AC	[72]	
Al0.8CrCuFeNi	7.791667	4.743390	0.121761	13.351414	1629.849667	-3.736111	AC	[72]	
Al0.8CrCuFeNi2	8.172414	4.622838	0.122859	12.884254	1646.772138	-5.239001	AC	[73]	
Al0.9CrCuFeNi	7.693878	4.906641	0.122991	13.374533	1615.634837	-4.433153	AC	[72]	
AlCrCu0.5FeNi	7.222222	5.296508	0.124827	13.145940	1629.140667	-8.375309	AC	[2]	
AlCrCuFeNi0.6	7.391304	5.140569	0.123822	13.242321	1591.031087	-3.950851	AC	[74]	
AlCrCuFeNi0.8	7.500000	5.097941	0.123999	13.351414	1596.738125	-4.565972	AC	[74]	
AlCrCuFeNi	7.600000	5.058407	0.124161	13.381607	1601.988600	-5.072000	AC	[74]	
AlCrCuFeNi1.2	7.692308	5.021637	0.124311	13.357882	1606.835192	-5.488166	AC	[74]	
AlCrCuFeNi1.4	7.777778	4.987350	0.124450	13.296197	1611.322778	-5.829904	AC	[74]	
AlCrCuFeNi2	8.000000	4.897079	0.124809	12.976464	1622.990500	-6.522222	AC	[73]	
Al1.2CrCuFeNi	7.423077	5.332700	0.126337	13.357882	1576.270692	-6.195266	AC	[72]	
Al1.2CrCuFeNi2	7.838710	5.140398	0.126606	13.017662	1600.743161	-7.631634	AC	[73]	
Al1.5CrCuFeNi	7.181818	5.685451	0.129244	13.254635	1541.200818	-7.557025	AC	[72]	
Al1.8CrCuFeNi	6.965517	5.984057	0.131796	13.098944	1509.758862	-8.611177	AC	[72]	
Al2.0CrCuFeNi	6.833333	6.159416	0.133332	12.976464	1490.544333	-9.177778	AC	[72]	
Al2.2CrCuFeNi	6.709677	6.319058	0.134752	12.843962	1472.569452	-9.654527	AC	[72]	
Al2.5CrCuFeNi	6.538462	6.533663	0.136695	12.632846	1447.681154	-10.229586	AC	[72]	
AlCr0.5CuFeNiTi	7.090909	6.564225	0.149270	14.697982	1611.444182	-16.178512	AC	[75]	
AlCrCuFeNiTi	7.000000	6.373093	0.144847	14.897512	1658.823833	-14.322222	AC	[75]	
AlCrCuFeNiTi	7.000000	6.373093	0.144847	14.897512	1658.823833	-14.322222	AC	[76]	
AlCrCuFeNiTi	7.000000	6.373093	0.144847	14.897512	1658.823833	-14.322222	AC+500/4h/FC	[76]	
AlCr1.5CuFeNiTi	6.923077	6.206771	0.140995	14.785049	1698.914308	-12.823669	AC	[75]	
AlCr2CuFeNiTi	6.857143	6.060577	0.137609	14.532579	1733.277571	-11.591837	AC	[75]	
AlCr3CuFeNiTi	6.750000	5.815178	0.131920	13.864045	1789.117875	-9.693750	AC	[75]	
Al0.3CrFe1.5MnNi0.5	7.186047	3.629398	0.129899	12.320120	1758.022535	-5.525149	AC	[77]	
Al0.3CrFe1.5MnNi0.5	7.186047	3.629398	0.129899	12.320120	1758.022535	-5.525149	AC	[78]	
Al0.3CrFe1.5MnNi0.5	7.186047	3.629398	0.129899	12.320120	1758.022535	-5.525149	AC+1100C/2h/FC	[78]	
Al0.3CrFe1.5MnNi0.5	7.186047	3.629398	0.129899	12.320120	1758.022535	-5.525149	AC+700C/20h/FC	[78]	
Al0.3CrFe1.5MnNi0.5	7.186047	3.629398	0.129899	12.320120	1758.022535	-5.525149	AC	[37]	
Al0.3CrFe1.5MnNi0.5	7.186047	3.629398	0.129899	12.320120	1758.022535	-5.525149	AC+700C/20h	[37]	
Al0.5CrFe1.5MnNi0.5	7.000000	4.158445	0.128788	12.662549	1721.369222	-7.288889	AC	[77]	
Al0.5CrFe1.5MnNi0.5	7.000000	4.158445	0.128788	12.662549	1721.369222	-7.288889	AC	[78]	
Al0.5CrFe1.5MnNi0.5	7.000000	4.158445	0.128788	12.662549	1721.369222	-7.288889	AC+FOR/1200C(50%)+1100C/6h/AC	[78]	
Al0.5CrFe1.5MnNi0.5	7.000000	4.158445	0.128788	12.662549	1721.369222	-7.288889	AC+700C/20h/FC	[78]	
Al0.5CrFe1.5MnNi0.5	7.000000	4.158445	0.128788	12.662549	1721.369222	-7.288889	AC	[37]	
Al0.5CrFe1.5MnNi0.5	7.000000	4.158445	0.128788	12.662549	1721.369222	-7.288889	AC+700C/20h	[37]	
Al0.8CrFe1.5MnNi0.5	6.750000	4.777981	0.127279	12.898234	1672.116333	-9.364583	AC	[37]	
Al0.8CrFe1.5MnNi0.5	6.750000	4.777981	0.127279	12.898234	1672.116333	-9.364583	AC+700C/20h	[37]	
Al1.2CrFe1.5MnNi0.5	6.461538	5.405302	0.125515	12.939562	1615.286077	-11.340237	AC	[37]	
Al1.2CrFe1.5MnNi0.5	6.461538	5.405302	0.125515	12.939562	1615.286077	-11.340237	AC+700C/20h	[37]	
AlCrFeMo0.2Ni	6.714286	5.466998	0.159985	12.569172	1721.743571	-12.675737	AC	[79]	
AlCrFeMo0.5Ni	6.666667	5.351392	0.175994	13.145940	1799.960667	-11.871605	AC	[79]	
AlCrFeMo0.8Ni	6.625000	5.248148	0.188892	13.351414	1868.400625	-11.163194	AC	[79]	
AlCrFeMoNi	6.600000	5.185215	0.196224	13.381607	1909.464600	-10.736000	AC	[79]	
Al0.15CrFe1.5Ni0.5	7.444444	3.588117	0.102376	9.600592	1873.174111	-5.020912	AC	[80]	
Al0.2CrFe1.5Ni0.5	7.375000	3.752024	0.103123	9.827551	1858.488938	-5.601562	AC	[80]	
Al0.3CrFe1.5Ni0.5	7.242424	4.046542	0.104535	10.177685	1830.453606	-6.651974	AC	[80]	
Al0.4CrFe1.5Ni0.5	7.117647	4.305370	0.105846	10.431538	1804.067412	-7.570934	AC	[80]	
AlCrFeNi	6.750000	5.535295	0.122142	11.526289	1663.080750	-13.275000	AC	[79]	
Al0.5CrFeNiTiV	6.272727	6.032341	0.133060	14.697982	1874.847545	-18.770248	AC+700C/20h	[37]	
CoCrCuFeMn	8.200000	0.889177	0.136323	13.381607	1727.124000	4.176000	AC+850C/72h	[81]	
CoCrCuFeMnNi	8.500000	0.964839	0.135821	14.897512	1727.270000	1.444444	AC	[82]	
CoCrCuFeMnNiTiV	7.500000	5.085639	0.148640	17.289433	1811.202500	-8.106250	AC	[5]	
CoCrCu0.5FeNi	8.555556	1.047126	0.094836	13.145940	1814.624444	0.513580	AC	[83]	
CoCrCu0.5FeNi	8.555556	1.047126	0.094836	13.145940	1814.624444	0.513580	AC	[2]	
CoCrCu0.5FeNi	8.555556	1.047126	0.094836	13.145940	1814.624444	0.513580	AC	[84]	
CoCrCu0.5FeNi	8.555556	1.047126	0.094836	13.145940	1814.624444	0.513580	AC+1050C/1h+1250/24h	[84]	
CoCrCu0.5FeNi	8.555556	1.047126	0.094836	13.145940	1814.624444	0.513580	AC+1050C/1h+1350/24h	[84]	
CoCrCu0.5FeNi	8.555556	1.047126	0.094836	13.145940	1814.624444	0.513580	AC	[85]	
CoCrCu0.5FeNi	8.555556	1.047126	0.094836	13.145940	1814.624444	0.513580	AC+1050C/1h+1250/24h/WQ	[85]	
CoCrCu0.5FeNi	8.555556	1.047126	0.094836	13.145940	1814.624444	0.513580	AC+1050C/1h+1350/24h/WQ	[85]	
CoCrCuFeNi	8.800000	1.040586	0.092217	13.381607	1768.924000	3.248000	AC	[9]	
CoCrCuFeNi	8.800000	1.040586	0.092217	13.381607	1768.924000	3.248000	AC	[12]	
CoCrCuFeNi	8.800000	1.040586	0.092217	13.381607	1768.924000	3.248000	AC	[83]	
CoCrCuFeNi	8.800000	1.040586	0.092217	13.381607	1768.924000	3.248000	AC	[10]	
CoCrCuFeNi	8.800000	1.040586	0.092217	13.381607	1768.924000	3.248000	AC	[86]	
CoCrCuFeNi	8.800000	1.040586	0.092217	13.381607	1768.924000	3.248000	AC	[7]	
CoCrCuFeNi	8.800000	1.040586	0.092217	13.381607	1768.924000	3.248000	MA+SPS	[3]	
CoCrCuFeNiTi0.5	8.363636	4.600014	0.124398	14.697982	1784.749091	-3.662810	AC	[86]	
CoCrCuFeNiTi0.5	8.363636	4.600014	0.124398	14.697982	1784.749091	-3.662810	AC	[33]	
CoCrCuFeNiTi0.8	8.137931	5.318371	0.133497	14.871545	1792.934483	-6.718193	AC	[86]	
CoCrCuFeNiTi	8.000000	5.713072	0.138764	14.897512	1797.936667	-8.411111	AC	[86]	
CoCrCuFeNiTi2.5	7.200000	7.608753	0.166052	14.213343	1826.949333	-15.623111	AC	[24]	
CoCrFeGeMnNi	7.333333	1.067849	0.155635	14.897512	1702.866667	-8.366667	AC	[82]	
Co0.25Cr0.25FeMn	7.500000	0.637333	0.140357	9.923720	1726.800000	-0.884000	AC	[87]	
Co0.25Cr0.25FeMn	7.500000	0.637333	0.140357	9.923720	1726.800000	-0.884000	AC+HR/900C(50%)+1200C/2h/WQ	[87]	
CoCrFeMnNbNi	7.500000	4.895296	0.140643	14.897512	1959.333333	-13.200000	AC	[82]	
Co0.5CrFeMn1.5Ni	7.800000	0.875227	0.150033	12.946554	1776.300000	-4.032000	AC+700C/20h	[37]	
CoCr0.4Fe8Mn5.4Ni5.2	8.260000	0.698925	0.143183	10.794684	1715.810000	-3.380960	AC	[88]	
CoCr0.4Fe8Mn5.4Ni5.2	8.260000	0.698925	0.143183	10.794684	1715.810000	-3.380960	AC+HR/900C(50%)+1200C/2h/WQ	[88]	
CoCr0.4Fe8Mn5.4Ni5.2	8.260000	0.698925	0.143183	10.794684	1715.810000	-3.380960	AC+HR/900C(50%)+1200C/2h/WQ+CR(64%)+900C/10min	[88]	
CoCr0.75FeMn0.75Ni	8.166667	0.913450	0.134368	13.302898	1795.833333	-4.077778	AC+700C/20h	[37]	
CoCrFe0.5Mn0.5Ni1.5	8.333333	1.000914	0.133925	12.662549	1823.333333	-4.888889	AC+700C/20h	[37]	
CoCrFeMnNi	8.000000	0.924081	0.138362	13.381607	1801.200000	-4.192000	AC	[82]	
CoCrFeMnNi	8.000000	0.924081	0.138362	13.381607	1801.200000	-4.192000	AC+1000C/72h	[81]	
CoCrFeMnNi	8.000000	0.924081	0.138362	13.381607	1801.200000	-4.192000	AC	[36]	
CoCrFeMnNi	8.000000	0.924081	0.138362	13.381607	1801.200000	-4.192000	AC+1200/24h/WQ	[89]	
CoCrFeMnNi	8.000000	0.924081	0.138362	13.381607	1801.200000	-4.192000	AC+1200C/48h	[90]	
CoCrFeMnNi	8.000000	0.924081	0.138362	13.381607	1801.200000	-4.192000	AC+1200C/48h+HPT+450C/5min	[90]	
CoCrFeMnNi	8.000000	0.924081	0.138362	13.381607	1801.200000	-4.192000	AC+1200C/48h+HPT+450C/1h	[90]	
CoCrFeMnNi	8.000000	0.924081	0.138362	13.381607	1801.200000	-4.192000	AC+1200C/48h+HPT+450C/15h	[90]	
CoCrFeMnNi	8.000000	0.924081	0.138362	13.381607	1801.200000	-4.192000	AC+1200C/48h+HPT+600C/1h	[90]	
CoCrFeMnNi	8.000000	0.924081	0.138362	13.381607	1801.200000	-4.192000	AC+1200C/48h+HPT+700C/1h	[90]	
CoCrFeMnNi	8.000000	0.924081	0.138362	13.381607	1801.200000	-4.192000	AC+1200C/48h+HPT+800C/1h	[90]	
CoCrFeMnNi	8.000000	0.924081	0.138362	13.381607	1801.200000	-4.192000	AC+1000C/24h+CR(80%)+1100C/1h	[91]	
CoCrFeMnNi	8.000000	0.924081	0.138362	13.381607	1801.200000	-4.192000	AC+1000C/24h+CR(80%)+575C/1h	[91]	
CoCrFeMnNi	8.000000	0.924081	0.138362	13.381607	1801.200000	-4.192000	AC	[92]	
CoCrFeMnNi	8.000000	0.924081	0.138362	13.381607	1801.200000	-4.192000	AC+1000C/24h	[92]	
CoCr1.25FeMn0.25Ni	8.055556	1.028416	0.118825	12.630574	1869.277778	-4.132099	AC+700C/20h	[37]	
CoCr1.3FeMnNi0.7	7.760000	0.960072	0.136286	13.229617	1828.320000	-3.802720	AC+1000C/24h+CR(80%)+1100C/1h	[91]	
CoCr1.3FeMnNi0.7	7.760000	0.960072	0.136286	13.229617	1828.320000	-3.802720	AC+1000C/24h+CR(80%)+800C/1h	[91]	
CoCr1.3FeMnNi0.7	7.760000	0.960072	0.136286	13.229617	1828.320000	-3.802720	AC+1000C/24h+CR(80%)+700C/1h	[91]	
CoCr1.3FeMnNi0.7	7.760000	0.960072	0.136286	13.229617	1828.320000	-3.802720	AC+1000C/24h+CR(80%)+575C/1h	[91]	
Co1.4CrFeMnNi	8.074074	0.926092	0.136706	13.296197	1798.740741	-4.170096	AC+1000C/24h+CR(80%)+1100C/1h	[91]	
Co1.4CrFeMnNi	8.074074	0.926092	0.136706	13.296197	1798.740741	-4.170096	AC+1000C/24h+CR(80%)+575C/1h	[91]	
Co1.5Cr0.5FeMn0.5Ni	8.444444	0.905781	0.127604	12.662549	1786.777778	-3.486420	AC+700C/20h	[37]	
CoCrFeMnNiTi	7.333333	5.812560	0.151813	14.897512	1824.833333	-13.500000	AC	[82]	
CoCrFeMnNiV0.25	7.857143	1.369759	0.139044	14.336142	1819.380952	-5.318821	AC	[92]	
CoCrFeMnNiV0.25	7.857143	1.369759	0.139044	14.336142	1819.380952	-5.318821	AC+1000C/24h	[92]	
CoCrFeMnNiV0.5	7.727273	1.536470	0.137980	14.697982	1835.909091	-6.228099	AC	[92]	
CoCrFeMnNiV0.5	7.727273	1.536470	0.137980	14.697982	1835.909091	-6.228099	AC+1000C/24h	[92]	
CoCrFeMnNiV0.75	7.608696	1.674249	0.137000	14.855642	1851.000000	-6.962571	AC	[92]	
CoCrFeMnNiV0.75	7.608696	1.674249	0.137000	14.855642	1851.000000	-6.962571	AC+1000C/24h	[92]	
CoCrFeMnNiV	7.500000	1.791262	0.136096	14.897512	1864.833333	-7.555556	AC	[82]	
CoCrFeMnNiV	7.500000	1.791262	0.136096	14.897512	1864.833333	-7.555556	AC	[92]	
CoCrFeMnNiV	7.500000	1.791262	0.136096	14.897512	1864.833333	-7.555556	AC+1000C/24h	[92]	
CoCrFeMo0.3Ni	8.093023	2.445454	0.134762	12.825995	1943.139535	-4.162250	AC	[38]	
CoCrFeMo0.3Ni	8.093023	2.445454	0.134762	12.825995	1943.139535	-4.162250	AM	[93]	
CoCrFeMo0.5Ni	8.000000	2.731459	0.143672	13.145940	1985.444444	-4.345679	AM	[93]	
CoCrFeMo0.85Ni	7.855670	3.123800	0.156497	13.365173	2051.082474	-4.562440	AM	[93]	
Co1.5CrFeMo0.1Ni1.5Ti0.5	8.053571	5.192644	0.130377	13.374298	1874.285714	-10.646684	AC	[94]	
Co1.5CrFeMo0.5Ni1.5Ti0.5	7.916667	5.113993	0.152069	14.172424	1942.333333	-10.238889	AC	[94]	
Co1.5CrFeMo0.8Ni1.5Ti0.5	7.825397	5.060880	0.164953	14.390820	1987.698413	-9.943059	AC	[94]	
CoCrFeNb0.103Ni	8.168413	3.173429	0.108537	12.212108	1893.797222	-5.479640	AC	[95]	
CoCrFeNb0.155Ni	8.128761	3.356638	0.109638	12.420641	1904.512635	-6.274667	AC	[95]	
CoCrFeNb0.206Ni	8.090823	3.523017	0.110681	12.587185	1914.764622	-7.014819	AC	[95]	
CoCrFeNb0.309Ni	8.016941	3.826322	0.112685	12.845205	1934.729636	-8.398705	AC	[95]	
CoCrFeNb0.412Ni	7.946510	4.094599	0.114563	13.029861	1953.762466	-9.647224	AC	[95]	
CoCrFeNi	8.250000	1.028941	0.096695	11.526289	1871.750000	-3.775000	AC	[83]	
CoCrFeNi	8.250000	1.028941	0.096695	11.526289	1871.750000	-3.775000	AC	[47]	
CoCrFeNi	8.250000	1.028941	0.096695	11.526289	1871.750000	-3.775000	AC+1100C/24h/WQ	[47]	
CoCrFeNi	8.250000	1.028941	0.096695	11.526289	1871.750000	-3.775000	AC+1100C/24h/WQ+CR(50%)	[47]	
CoCrFeNi	8.250000	1.028941	0.096695	11.526289	1871.750000	-3.775000	AC+1100C/24h/WQ	[48]	
CoCrFeNi	8.250000	1.028941	0.096695	11.526289	1871.750000	-3.775000	AC+CR	[29]	
CoCrFeNi	8.250000	1.028941	0.096695	11.526289	1871.750000	-3.775000	AC	[46]	
CoCrFeNi	8.250000	1.028941	0.096695	11.526289	1871.750000	-3.775000	AC	[93]	
CoCrFeNi	8.250000	1.028941	0.096695	11.526289	1871.750000	-3.775000	MA+SPS	[3]	
CoCrFeNi	8.250000	1.028941	0.096695	11.526289	1871.750000	-3.775000	AC+1200/24h/WQ	[89]	
CoCrFeNi	8.250000	1.028941	0.096695	11.526289	1871.750000	-3.775000	AM	(20	
CoCrFeNi	8.250000	1.028941	0.096695	11.526289	1871.750000	-3.775000	AM	(20	
CoCrFeNi	8.250000	1.028941	0.096695	11.526289	1871.750000	-3.775000	AM	(20	
CoCrFeNi	8.250000	1.028941	0.096695	11.526289	1871.750000	-3.775000	AC	[95]	
CoCrFeNi	8.250000	1.028941	0.096695	11.526289	1871.750000	-3.775000	AC+1000C/24h+CR(80%)+1100C/1h	[91]	
CoCrFeNi	8.250000	1.028941	0.096695	11.526289	1871.750000	-3.775000	AC+1000C/24h+CR(80%)+575C/1h	[91]	
CoCr2FeNi	7.800000	1.109618	0.112250	11.076349	1933.400000	-4.448000	AC+700C/20h	[37]	
CoCrFeNiPd	8.600000	3.616794	0.174883	13.381607	1862.960000	-5.696000	AC+CR	[29]	
CoCrFeNiPd2	8.833333	4.367693	0.202211	12.976464	1857.100000	-6.233333	AC+CR	[29]	
Co0.5CrFeNiTi0.5	7.625000	5.208446	0.130675	12.967075	1893.625000	-12.231250	MA+SPS	[97]	
CoCrFeNiTi0.3	7.953488	4.486976	0.122945	12.825995	1876.720930	-8.919416	AC	[38]	
CoCrFeNiTi0.3	7.953488	4.486976	0.122945	12.825995	1876.720930	-8.919416	AC	[98]	
CoCrFeNiTi0.3	7.953488	4.486976	0.122945	12.825995	1876.720930	-8.919416	AC+600C/6h/FC	[98]	
CoCrFeNiTi0.3	7.953488	4.486976	0.122945	12.825995	1876.720930	-8.919416	AC+700C/6h/FC	[98]	
CoCrFeNiTi0.3	7.953488	4.486976	0.122945	12.825995	1876.720930	-8.919416	AC+800C/6h/FC	[98]	
CoCrFeNiTi0.3	7.953488	4.486976	0.122945	12.825995	1876.720930	-8.919416	AC+1000C/6h/FC	[98]	
CoCrFeNiTi	7.400000	6.191756	0.141506	13.381607	1886.000000	-16.352000	AC	[63]	
CoCrFeNiTi	7.400000	6.191756	0.141506	13.381607	1886.000000	-16.352000	AC	[64]	
CoCrFeNiTi	7.400000	6.191756	0.141506	13.381607	1886.000000	-16.352000	AC+1000C/2h	[64]	
Co1.5CrFeNi1.5Ti0.5	8.090909	4.913665	0.129627	12.859133	1855.727273	-10.750413	AC	[94]	
Co1.5CrFeNi1.5Ti0.5	8.090909	4.913665	0.129627	12.859133	1855.727273	-10.750413	AC+1100C/4h/AC+800C/10h/AC	[62]	
Co1.5CrFeNi1.5Ti	7.750000	5.886092	0.139944	13.211900	1863.000000	-15.616667	AC+1100C/4h/AC+800C/10h/AC	[62]	
CoCrMnNi	8.000000	0.972020	0.150499	11.526289	1798.750000	-5.675000	AC+1100/24h/WQ	[89]	
CoCrMnNiV	7.400000	1.961542	0.142913	13.381607	1875.600000	-9.184000	AC+1000C/72h	[81]	
CoCuFeMnNi	9.000000	0.876365	0.134848	13.381607	1636.724000	1.776000	AC	[99]	
CoCuFeMnNiSn0.03	8.970179	4.904885	0.136939	13.605232	1629.973726	1.750135	AC	[99]	
CoCuFeMnNiSn0.05	8.950495	5.097650	0.136882	13.710951	1625.518099	1.733163	AC	[99]	
CoCuFeMnNiSn0.08	8.921260	5.371200	0.136797	13.844295	1618.900441	1.708103	AC	[99]	
CoCuFeMnNiSn0.1	8.901961	5.544389	0.136741	13.921642	1614.531922	1.691657	AC	[99]	
CoCuFeMnNiSn0.2	8.807692	6.322529	0.136467	14.222383	1593.193385	1.612426	AC	[99]	
CoCuFeNi	9.500000	0.976928	0.030822	11.526289	1666.155000	5.125000	MA+SPS	[3]	
CoCuFeNi	9.500000	0.976928	0.030822	11.526289	1666.155000	5.125000	AC	[100]	
CoCuFeNiSn0.04	9.445545	5.826883	0.035137	11.874003	1654.657703	5.081855	AC	[100]	
CoCuFeNiSn0.05	9.432099	5.916714	0.035237	11.937080	1651.818864	5.071178	AC	[100]	
CoCuFeNiSn0.07	9.405405	6.091129	0.035436	12.050809	1646.183037	5.049955	AC	[100]	
CoCuFeNiSn0.1	9.365854	6.340745	0.035728	12.198540	1637.832390	5.018441	AC	[100]	
CoCuFeNiSn0.2	9.238095	7.087233	0.036655	12.569172	1610.858476	4.916100	AC	[100]	
CoCuFeNiSn0.5	8.888889	8.810638	0.039078	13.145940	1537.129778	4.632099	AC	[100]	
CoCuFeNiTi	8.400000	6.202490	0.138766	13.381607	1721.524000	-10.880000	AC	[68]	
CoCuFeNiV	8.600000	1.905406	0.103730	13.381607	1769.524000	-2.176000	AC	[24]	
CoFeMnMoNi	8.000000	3.351064	0.194792	13.381607	1944.200000	-3.984000	AC+1000C/72h	[81]	
CoFeMnNi	8.500000	0.659369	0.142894	11.526289	1706.500000	-3.900000	AC+1100/24h/WQ	[89]	
CoFeMnNiV	7.800000	1.934061	0.143388	13.381607	1801.800000	-8.864000	AC+1000C/72h	[81]	
CoFeMnTi0.5VZr	6.363636	9.733603	0.192201	14.697982	1887.181818	-18.366942	AC	[101]	
CoFeMnTiV0.4Zr	6.296296	10.025769	0.195754	14.585827	1859.481481	-20.600823	AC	[101]	
CoFeMnTiV0.7Zr	6.228070	9.786760	0.190535	14.835228	1876.508772	-19.493998	AC	[101]	
CoFeMnTiVZr0.4	6.407407	8.140785	0.168944	14.585827	1865.703704	-15.917695	AC	[101]	
CoFeMnTiVZr0.7	6.280702	8.919640	0.177966	14.835228	1879.456140	-17.392428	AC	[101]	
CoFeMnTiVZr	6.166667	9.566548	0.185712	14.897512	1891.833333	-18.500000	AC	[101]	
CoFeMnTiVZr1.3	6.063492	10.116261	0.192451	14.853042	1903.031746	-19.322751	AC	[101]	
CoFeMnTiVZr1.6	5.969697	10.591271	0.198380	14.742613	1913.212121	-19.922865	AC	[101]	
CoFeMnTiVZr2	5.857143	11.134566	0.205268	14.532579	1925.428571	-20.457143	AC	[101]	
CoFeMnTiVZr2.3	5.780822	11.488356	0.209810	14.346192	1933.712329	-20.704072	AC	[101]	
CoFeMnTiVZr2.6	5.710526	11.804839	0.213908	14.145081	1941.342105	-20.849030	AC	[101]	
CoFeMnTiVZr3	5.625000	12.178807	0.218791	13.864045	1950.625000	-20.918750	AC	[101]	
CoFeMnTiV1.3Zr	6.111111	9.362846	0.181238	14.853042	1905.698413	-17.602419	AC	[101]	
CoFeMnTiV1.6Zr	6.060606	9.173739	0.177072	14.742613	1918.303030	-16.787879	AC	[101]	
CoFeMnTiV2Zr	6.000000	8.941532	0.171940	14.532579	1933.428571	-15.812245	AC	[101]	
CoFeMnTiV2.3Zr	5.958904	8.780584	0.168372	14.346192	1943.684932	-15.151811	AC	[101]	
CoFeMnTiV2.6Zr	5.921053	8.629687	0.165016	14.145081	1953.131579	-14.544321	AC	[101]	
CoFeMnTiV3Zr	5.875000	8.442459	0.160840	13.864045	1964.625000	-13.806250	AC	[101]	
CoFeMnTi1.5VZr	6.000000	9.422880	0.180038	14.785049	1895.769231	-18.376331	AC	[101]	
CoFeMnTi2VZr	5.857143	9.297969	0.175028	14.532579	1899.142857	-18.097959	AC	[101]	
CoFeMnTi2.5VZr	5.733333	9.188340	0.170568	14.213343	1902.066667	-17.728000	AC	[101]	
CoFeNiTi	7.750000	6.826151	0.147139	11.526289	1812.500000	-20.500000	AC	[68]	
Cr0.5CuFeMn0.5Ni	8.875000	0.907603	0.132618	12.967075	1686.530000	3.868750	AC	[102]	
Cr0.5CuFeMnNi0.5	8.500000	0.792277	0.145559	12.967075	1660.405000	4.668750	AC	[102]	
CrCu0.5FeMnNi	8.111111	0.896488	0.143101	13.145940	1759.291111	0.138272	AC	[102]	
CrCuFe0.5Mn0.5Ni	8.625000	0.968958	0.136565	12.967075	1732.655000	3.300000	AC	[102]	
CrCuFe0.5MnNi0.5	8.250000	0.861881	0.149164	12.967075	1706.530000	4.537500	AC	[102]	
CrCuFeMnNi	8.400000	0.889177	0.141845	13.381607	1719.124000	2.736000	AC	[10]	
CrCuFeMnNi	8.400000	0.889177	0.141845	13.381607	1719.124000	2.736000	AC	[102]	
CrCuFeMn2Ni2	8.428571	0.944188	0.155196	12.885966	1691.802857	-0.497959	AC	[102]	
Cr2CuFe2MnNi	8.000000	0.840574	0.128896	12.885966	1798.088571	2.612245	AC	[102]	
Cr0.66FeMnNi	7.912568	0.850346	0.145453	11.410699	1775.081967	-4.068799	AC+1200C/24h/WQ	[103]	
Cr0.66FeMnNi	7.912568	0.850346	0.145453	11.410699	1775.081967	-4.068799	AC+1200C/24h/WQ+CR(86%)+900C/1h	[103]	
CrFe1.5MnNi0.5	7.500000	0.790514	0.131220	10.982473	1819.875000	-2.125000	AC	[77]	
CrFe1.5MnNi0.5	7.500000	0.790514	0.131220	10.982473	1819.875000	-2.125000	AC	[37]	
CrFe1.5MnNi0.5	7.500000	0.790514	0.131220	10.982473	1819.875000	-2.125000	AC+700C/20h	[37]	
CrFeMnNiTi	7.000000	6.089542	0.148782	13.381607	1836.200000	-13.232000	AC+1000C/72h	[81]	
AlCrMoSiTi	4.600000	8.351061	0.227824	13.381607	1927.664600	-23.248000	AC	[104]	
Al0.4Hf0.6NbTaTiZr	4.320000	4.922194	0.115845	14.500753	2397.385840	-6.336000	AC+HIP/1200C/207MPa/2h+1200C/24h/FC	[105]	
Al0.4Hf0.6NbTaTiZr	4.320000	4.922194	0.115845	14.500753	2397.385840	-6.336000	AC+HIP/1200C/207MPa/2h+1200C/24h/FC	[106]	
AlMo0.5NbTa0.5TiZr	4.300000	5.139855	0.221505	14.534236	2169.164600	-16.764000	AC+HIP/1400C/207MPa/2h+1400C/24h/FC	[106]	
AlMo0.5NbTa0.5TiZr	4.300000	5.139855	0.221505	14.534236	2169.164600	-16.764000	AC+HIP/1400C/207MPa/2h+1400C/24h/FC	[107]	
AlMo0.5NbTa0.5TiZr	4.300000	5.139855	0.221505	14.534236	2169.164600	-16.764000	AC+HIP/1400C/207MPa/2h+1400C/24h/FC	[108]	
Al0.25NbTaTiV	4.647059	3.830476	0.050534	12.708367	2446.901353	-4.672664	AC	[109]	
Al0.5NbTaTiV	4.555556	3.734899	0.049759	13.145940	2362.813667	-8.276543	AC	[109]	
AlNbTaTiV	4.400000	3.566544	0.048415	13.381607	2219.864600	-13.360000	AC	[109]	
Al0.3NbTa0.8Ti1.4V0.2Zr1.3	4.340000	5.916211	0.112574	13.463853	2316.779380	-4.863200	AC+HIP/1200C/207MPa/2h+1200C/24h/FC	[106]	
Al0.5NbTa0.8Ti1.5V0.2Zr	4.300000	5.284150	0.101868	13.778669	2265.352300	-8.568800	AC+HIP/1200C/207MPa/2h+1200C/24h/FC	[106]	
Al0.3NbTaTi1.4Zr1.3	4.340000	4.961506	0.105588	12.631738	2361.059380	-4.428320	AC+HIP/1200C/207MPa/2h+1200C/24h/FC	[106]	
AlNb1.5Ta0.5Ti1.5Zr0.5	4.200000	3.579884	0.086845	12.511502	2136.264600	-15.040000	AC+HIP/1400C/207MPa/2h+1400C/24h/FC	[106]	
AlTiVYZr	3.800000	10.951312	0.162555	13.381607	1796.264600	-14.736000	AC	[24]	
CrMo0.5NbTa0.5TiZr	4.900000	7.399402	0.223359	14.534236	2418.500000	-4.972000	AC	[110]	
CrMo0.5NbTa0.5TiZr	4.900000	7.399402	0.223359	14.534236	2418.500000	-4.972000	AC+HIP/1450C/207MPa/3h	[110]	
CrNbTiVZr	4.800000	8.085755	0.117881	13.381607	2236.600000	-4.704000	AC+HIP/1200C/207MPa/2h+1200C/24h/FC	[111]	
CrNbTiZr	4.750000	7.953559	0.124373	11.526289	2250.000000	-5.250000	AC+HIP/1200C/207MPa/2h+1200C/24h/FC	[111]	
HfNbTaTiZr	4.400000	4.994417	0.118254	13.381607	2523.200000	2.656000	AC+HIP/1200C/207MPa/3h	[112]	
HfNbTaTiZr	4.400000	4.994417	0.118254	13.381607	2523.200000	2.656000	AC+HIP/1200C/207MPa/2h+1200C/24h+CR(86%)+800C/2h/FC	[113]	
HfNbTaTiZr	4.400000	4.994417	0.118254	13.381607	2523.200000	2.656000	AC+HIP/1200C/207MPa/2h+1200C/24h+CR(86%)+1000C/2h/FC	[113]	
HfNbTaTiZr	4.400000	4.994417	0.118254	13.381607	2523.200000	2.656000	AC+HIP/1200C/207MPa/2h+1200C/24h+CR(86%)+1200C/2h/FC	[113]	
HfNbTiZr	4.250000	4.872387	0.129687	11.526289	2331.500000	2.400000	AC	[114]	
HfNbTiZr	4.250000	4.872387	0.129687	11.526289	2331.500000	2.400000	AC+1300C/6h/FC	[114]	
MoNbTaVW	5.400000	3.148018	0.343395	13.381607	2961.000000	-4.688000	AC	[115]	
MoNbTaVW	5.400000	3.148018	0.343395	13.381607	2961.000000	-4.688000	AC	[116]	
MoNbTaVW	5.400000	3.148018	0.343395	13.381607	2961.000000	-4.688000	AC+1400C/19h	[116]	
MoNbTaW	5.500000	2.310462	0.363696	11.526289	3155.500000	-6.625000	AC	[115]	
MoNbTaW	5.500000	2.310462	0.363696	11.526289	3155.500000	-6.625000	AC	[116]	
MoNbTaW	5.500000	2.310462	0.363696	11.526289	3155.500000	-6.625000	AC+1400C/19h	[116]	
MoNbTiV0.25Zr	4.764706	6.572447	0.297882	12.708367	2414.294118	-2.524567	AC	[45]	
MoNbTiV0.5Zr	4.777778	6.677888	0.289535	13.145940	2401.444444	-2.567901	AC	[45]	
MoNbTiV0.75Zr	4.789474	6.770837	0.281858	13.332803	2389.947368	-2.588366	AC	[45]	
MoNbTiVZr	4.800000	6.853414	0.274765	13.381607	2379.600000	-2.592000	AC	[45]	
MoNbTiV1.5Zr	4.818182	6.993750	0.262062	13.254635	2361.727273	-2.565289	AC	[45]	
MoNbTiV2Zr	4.833333	7.108581	0.250986	12.976464	2346.833333	-2.511111	AC	[45]	
MoNbTiV3Zr	4.857143	7.285374	0.232517	12.264463	2323.428571	-2.367347	AC	[45]	
MoNbTiVZr	4.800000	6.853414	0.274765	13.381607	2379.600000	-2.592000	AC	[45]	
NbTaTiV	4.750000	3.934707	0.050683	11.526289	2541.500000	-0.075000	AC	[109]	
NbTiVZr	4.500000	7.048398	0.117154	11.526289	2250.750000	-0.175000	AC+HIP/1200C/207MPa/2h+1200C/24h/FC	[111]	
NbTiV2Zr	4.600000	7.576732	0.114826	11.076349	2237.200000	-1.136000	AC+HIP/1200C/207MPa/2h+1200C/24h/FC	[111]	
AlCu0.5Li0.5MgSn0.2	3.687500	7.684994	0.315914	12.308304	894.646437	-3.484375	AC	[117]	
AlCu0.2Li0.5MgZn0.5	4.281250	7.140824	0.264144	12.308304	844.018906	-2.390625	AC	[117]	
Al16CuLiMgZn	3.700000	3.881144	0.189288	6.465834	917.990750	-1.540000	AC	[117]	
AlLiMg0.5ScTi1.5	2.800000	5.195580	0.226605	12.946554	1315.364600	-9.840000	MA+CP	[118]	
AlLiMg0.5ScTi1.5	2.800000	5.195580	0.226605	12.946554	1315.364600	-9.840000	MA+CP+500C/1h	[118]	
AlLi0.5MgSn0.2Zn0.5	3.843750	5.674182	0.272531	12.308304	790.725656	-1.628906	AC	[117]	
AlLiMgSnZn	4.400000	5.888826	0.332470	13.381607	701.455600	-1.344000	AC	[117]	
Al16LiMgSnZn	3.350000	5.510600	0.190741	6.465834	875.356150	0.321000	AC	[117]	
DyGdLuTbTm	3.000000	5.071832	0.059127	13.381607	1731.400000	0.016000	AC	[119]	
DyGdLuTbY	3.000000	1.371958	0.056000	13.381607	1726.800000	0.000000	AC	[119]	
Al0.5B0.2CoCrCuFeNi	8.087719	8.578473	0.115458	15.446105	1715.979211	-4.550323	AC	[13]	
Al0.5B0.6CoCrCuFeNi	7.754098	11.857863	0.123572	15.925094	1757.488770	-8.791185	AC	[13]	
Al0.5BCoCrCuFeNi	7.461538	14.120168	0.130272	16.006343	1793.889462	-11.985799	AC	[13]	
AlC0.1CoCrFeNi	7.137255	10.405203	0.196461	13.921642	1726.004510	-14.800461	AC	[58]	
AlC0.2CoCrFeNi	7.076923	11.454631	0.214041	14.222383	1766.331346	-17.053254	AC	[58]	
AlC0.3CoCrFeNi	7.018868	12.380761	0.229692	14.432707	1805.136415	-19.127091	AC	[58]	
AlC0.4CoCrFeNi	6.962963	13.211371	0.243815	14.585827	1842.504259	-21.037037	AC	[58]	
AlC0.5CoCrFeNi	6.909091	13.965115	0.256690	14.697982	1878.513273	-22.796694	AC	[58]	
AlCCoCrFeNi	6.666667	16.947061	0.308040	14.897512	2040.553833	-29.733333	AC	[58]	
AlC1.5CoCrFeNi	6.461538	19.110207	0.345581	14.785049	2177.665077	-34.347929	AC	[58]	
AlCuNi	8.000000	6.061869	0.139124	9.134368	1339.647667	-11.688889	AC	[25]	
BeCuNiTiVZr	6.000000	11.465254	0.204668	14.897512	1816.436667	-24.777778	AC	[24]	
CoCrNi	8.333333	1.122392	0.111455	9.134368	1892.000000	-5.066667	AC+1200/24h/WQ	[89]	
CoCuHfTiZr	6.400000	10.260416	0.258612	13.381607	1940.324000	-23.280000	MS	[120]	
CoFeNi	9.000000	0.750246	0.032998	9.134368	1769.000000	-1.066667	MA+SPS	[3]	
CoFeNi	9.000000	0.750246	0.032998	9.134368	1769.000000	-1.066667	AC	[68]	
CoFeNi	9.000000	0.750246	0.032998	9.134368	1769.000000	-1.066667	AC	[70]	
CoFeNi	9.000000	0.750246	0.032998	9.134368	1769.000000	-1.066667	AC+1200/24h/WQ	[89]	
CoFeNiSi0.25	8.615385	2.775730	0.032817	10.686517	1762.692308	-6.759763	AC	[70]	
CoFeNiSi0.5	8.285714	3.163056	0.032071	11.239354	1757.285714	-10.873469	AC	[70]	
CoFeNiSi0.75	8.000000	3.463880	0.031411	11.468070	1752.600000	-13.866667	AC	[70]	
CoMnNi	8.666667	0.376121	0.163095	9.134368	1671.666667	-6.044444	AC+1100/24h/WQ	[89]	
CrFeNi	8.000000	0.984647	0.104243	9.134368	1906.333333	-4.355556	AC+1200/24h/WQ	[89]	
CuFeHfTiZr	6.200000	9.893254	0.247952	13.381607	1948.924000	-15.616000	MS	[120]	
CuHfNiTiZr	6.600000	10.260416	0.265526	13.381607	1932.324000	-27.216000	MS	[120]	
CuHfNiTiZr	6.600000	10.260416	0.265526	13.381607	1932.324000	-27.216000	AC	[120]	
FeMnNi	8.333333	0.648013	0.154344	9.134368	1686.000000	-4.266667	AC+1100/24h/WQ	[89]	
MoPdRhRu	8.250000	1.077362	0.043589	11.526289	2391.200000	-8.675000	AC+1700C/20h	[121]	
MoRhRu	7.666667	0.780799	0.049889	9.134368	2579.000000	-12.533333	AC+1700C/20h	[121]	
